2843.986083984375
2844.47998046875
2844.986328125
2845.486328125
2845.986328125
2846.486328125
2846.48681640625
2847.484130859375
2847.965087890625
2848.466796875
2848.965576171875
2849.3564453125
2849.94482421875
2850.356689453125
2850.55224609375
2851.4658203125
2851.6015625
2852.192138671875
2852.864501953125
2853.3359375
2853.888671875
2854.1591796875
2854.84912109375
2855.45166015625
2855.576416015625
2856.096923828125
2856.77783203125
2857.238525390625
2857.5419921875
2858.22900390625
2858.51416015625
2859.229248046875
2859.90625
2859.79638671875
2860.3359375
2861.088134765625
2861.77587890625
2862.029052734375
2862.47998046875
2862.79443359375
2863.52880859375
2863.8681640625
2864.39306640625
2865.19970703125
2865.368408203125
2866.029296875
2866.47802734375
2867.1708984375
2867.6865234375
2867.69189453125
2868.65478515625
2869.113037109375
2869.192138671875
2869.638427734375
2870.231689453125
2870.953369140625
2871.748046875
2871.9453125
2872.216796875
2872.791748046875
2873.360595703125
2874.15478515625
2874.61083984375
2875.127685546875
2875.458984375
2875.85498046875
2876.115966796875
2876.768310546875
2877.6171875
2877.7685546875
2878.18994140625
2878.768798828125
2879.14404296875
2880.1181640625
2880.40283203125
2880.76708984375
2881.188720703125
2881.342041015625
2881.881591796875
2882.56298828125
2882.750732421875
2883.224365234375
2883.925537109375
2884.14501953125
2885.0341796875
2885.27001953125
2885.90380859375
2886.3779296875
2886.671875
2887.584716796875
2887.645751953125
2888.208740234375
2888.772216796875
2889.349853515625
2889.9775390625
2890.225341796875
2890.669677734375
2891.169677734375
2891.6103515625
2892.224853515625
2892.947509765625
2893.276123046875
2893.862548828125
2894.57763671875
2894.775146484375
2895.418212890625
2895.3271484375
2895.89501953125
2896.557861328125
2896.9755859375
2897.708251953125
2897.9375
2898.292724609375
2898.812744140625
2899.391357421875
2899.7392578125
2900.290771484375
2901.038818359375
2901.300537109375
2901.5419921875
2902.06396484375
2902.15283203125
2903.05419921875
2903.16259765625
2903.822265625
2904.062255859375
2904.673583984375
2905.244873046875
2905.544189453125
2905.834716796875
2906.0283203125
2906.631591796875
2907.099609375
2907.5263671875
2908.32373046875
2908.752685546875
2908.8115234375
2909.31494140625
2909.794921875
2910.2197265625
2910.71875
2911.265625
2911.422119140625
2912.097412109375
2912.41748046875
2912.8583984375
2913.60400390625
2914.14453125
2914.281005859375
2914.9775390625
2915.195068359375
2915.64990234375
2915.677490234375
2916.00537109375
2915.994873046875
2916.597900390625
2917.51123046875
2917.56103515625
2917.552734375
2918.07763671875
2918.517578125
2919.040283203125
2919.560302734375
2919.985595703125
2920.813232421875
2921.0849609375
2921.412353515625
2921.981201171875
2922.584716796875
2923.0146484375
2923.671875
2924.029541015625
2923.971923828125
2924.12841796875
2924.48291015625
2924.77978515625
2925.27978515625
2926.0927734375
2926.766357421875
2927.034912109375
2927.51171875
2928.02783203125
2928.356201171875
2928.994140625
2929.471435546875
2929.918212890625
2930.41259765625
2931.045654296875
2931.446044921875
2931.917724609375
2932.657958984375
2932.54736328125
2933.047119140625
2933.630859375
2934.010009765625
2934.099853515625
2934.342041015625
2935.09423828125
2935.539306640625
2936.02587890625
2936.3154296875
2936.715087890625
2937.334228515625
2937.889404296875
2938.384765625
2938.266845703125
2938.759765625
2938.9501953125
2939.67578125
2940.250732421875
2940.519775390625
2941.22705078125
2941.066650390625
2941.29736328125
2941.889892578125
2942.77294921875
2942.929931640625
2943.12548828125
2943.6455078125
2944.125732421875
2944.692138671875
2944.8564453125
2945.40869140625
2946.1416015625
2946.66796875
2946.73583984375
2946.899169921875
2947.57080078125
2947.630859375
2947.577392578125
2947.405517578125
2948.07861328125
2948.322509765625
2948.58837890625
2949.383056640625
2949.7294921875
2949.99267578125
2950.5205078125
2951.0205078125
2951.37353515625
2952.0048828125
2952.67626953125
2952.9658203125
2953.547607421875
2953.820556640625
2954.357421875
2954.75634765625
2955.65576171875
2955.787353515625
2955.991943359375
2956.69189453125
2957.111328125
2957.286865234375
2957.796630859375
2958.269287109375
2958.9130859375
2959.385498046875
2959.925048828125
2959.886474609375
2960.197265625
2960.669921875
2960.292236328125
2961.01806640625
2961.015869140625
2961.50634765625
2962.32568359375
2962.75634765625
2962.698974609375
2962.748291015625
2962.723876953125
2963.39697265625
2963.796875
2964.12109375
2964.875
2964.616943359375
2964.912353515625
2965.68017578125
2965.99560546875
2966.013916015625
2966.16796875
2966.89404296875
2967.38916015625
2967.901123046875
2968.390869140625
2968.492919921875
2969.107666015625
2969.60498046875
2969.972900390625
2970.53271484375
2970.541748046875
2971.02099609375
2971.529541015625
2972.162841796875
2972.26708984375
2972.988037109375
2973.388427734375
2973.8681640625
2974.211669921875
2974.75244140625
2975.4892578125
2975.766845703125
2976.2119140625
2976.69482421875
2976.49365234375
2976.938232421875
2977.40625
2977.8056640625
2978.3603515625
2978.942138671875
2979.230712890625
2979.790283203125
2980.3935546875
2980.7822265625
2981.037353515625
2981.67919921875
2982.040771484375
2982.626953125
2982.855224609375
2983.156005859375
2983.62939453125
2984.1953125
2984.7236328125
2985.006103515625
2985.0283203125
2985.209716796875
2985.913818359375
2986.25439453125
2985.9697265625
2986.348388671875
2986.21240234375
2986.6630859375
2987.10595703125
2987.483642578125
2987.895751953125
2988.27099609375
2988.77099609375
2989.311767578125
2990.00830078125
2990.2490234375
2990.575927734375
2990.3740234375
2990.883056640625
2990.982177734375
2991.399169921875
2992.155029296875
2992.884521484375
2993.033935546875
2992.688720703125
2993.300537109375
2993.849609375
2994.0849609375
2994.271484375
2994.608154296875
2995.047607421875
2995.66796875
2996.30078125
2996.450927734375
2997.0771484375
2997.33740234375
2997.751953125
2998.364501953125
2998.823486328125
2999.46875
2999.978515625
2999.517822265625
3000.33935546875
3000.7333984375
3001.15283203125
3001.410888671875
3001.3896484375
3001.97607421875
3001.8251953125
3002.051513671875
3002.91748046875
3002.9482421875
3003.075927734375
3002.90380859375
3003.265625
3003.814208984375
3004.186279296875
3004.746337890625
3004.92919921875
3005.72119140625
3006.02685546875
3006.158447265625
3006.46826171875
3007.306884765625
3007.1904296875
3007.918701171875
3008.28076171875
3008.8017578125
3008.709716796875
3009.03369140625
3009.59619140625
3009.53759765625
3009.91064453125
3010.598876953125
3010.9130859375
3011.55126953125
3011.90283203125
3012.568115234375
3012.3037109375
3012.67919921875
3013.340576171875
3013.92724609375
3014.041259765625
3014.547607421875
3015.06640625
3015.46484375
3016.0634765625
3016.437744140625
3016.789306640625
3017.00830078125
3017.623046875
3018.18896484375
3018.012451171875
3018.255859375
3017.80078125
3018.174072265625
3018.87255859375
3019.24462890625
3019.822265625
3020.0341796875
3020.514404296875
3021.142333984375
3021.58544921875
3022.18603515625
3022.453369140625
3022.9541015625
3023.30126953125
3023.673095703125
3023.58544921875
3024.23486328125
3024.1005859375
3024.57177734375
3024.893798828125
3025.4345703125
3025.6474609375
3026.320556640625
3026.820556640625
3027.56884765625
3027.97509765625
3028.25927734375
3028.639892578125
3029.28759765625
3029.698486328125
3030.1689453125
3030.32275390625
3030.22802734375
3030.09375
3030.59423828125
3030.85888671875
3031.252197265625
3031.484375
3031.7958984375
3031.951416015625
3031.928466796875
3032.6923828125
3032.900390625
3033.481689453125
3033.701904296875
3033.924560546875
3034.503173828125
3034.63671875
3035.566162109375
3035.91796875
3036.221435546875
3036.4033203125
3036.37060546875
3037.241455078125
3037.69189453125
3038.0
3038.2705078125
3038.068359375
3038.845947265625
3039.00341796875
3039.52392578125
3039.120849609375
3039.6259765625
3040.29931640625
3040.236572265625
3040.7099609375
3041.054443359375
3041.78515625
3041.947998046875
3042.37353515625
3042.75927734375
3042.826904296875
3043.528564453125
3043.84716796875
3044.322021484375
3044.854248046875
3045.24853515625
3045.40673828125
3045.869873046875
3046.05810546875
3045.7080078125
3046.235107421875
3046.647216796875
3047.07177734375
3047.84423828125
3047.792724609375
3048.210693359375
3048.6162109375
3049.21044921875
3049.06689453125
3049.58056640625
3049.8037109375
3050.318603515625
3050.772216796875
3051.043701171875
3051.738037109375
3052.294921875
3052.64404296875
3053.03662109375
3052.753173828125
3053.14013671875
3053.196533203125
3053.9921875
3054.390625
3054.599609375
3055.274658203125
3055.67919921875
3056.044189453125
3056.6416015625
3056.0517578125
3056.611083984375
3056.894287109375
3057.4873046875
3058.00927734375
3058.47900390625
3058.972412109375
3059.540283203125
3060.03662109375
3060.132568359375
3060.52197265625
3060.74560546875
3061.232421875
3061.843994140625
3062.404296875
3062.54736328125
3062.98974609375
3062.4423828125
3063.02880859375
3063.11767578125
3063.5869140625
3064.087890625
3064.601318359375
3064.970703125
3065.562255859375
3065.94287109375
3065.955810546875
3066.36474609375
3066.24658203125
3067.035400390625
3066.561279296875
3066.851806640625
3066.314208984375
3066.64501953125
3067.360595703125
3067.555908203125
3067.759765625
3068.25927734375
3068.203857421875
3069.01513671875
3068.56201171875
3068.856689453125
3068.755615234375
3069.33203125
3069.52978515625
3070.177734375
3070.65234375
3070.746826171875
3070.767822265625
3071.361572265625
3071.7451171875
3072.09326171875
3072.249267578125
3072.5537109375
3073.2314453125
3073.167236328125
3073.3955078125
3073.644775390625
3073.717529296875
3073.9521484375
3074.30908203125
3074.76904296875
3074.98876953125
3075.57177734375
3076.06591796875
3076.203857421875
3076.622314453125
3077.33642578125
3077.50146484375
3077.80126953125
3078.23974609375
3078.68359375
3078.85888671875
3079.067626953125
3078.98046875
3078.94189453125
3078.918701171875
3079.39501953125
3079.93798828125
3080.559814453125
3081.03564453125
3081.351806640625
3082.055419921875
3082.376708984375
3081.911865234375
3082.412841796875
3082.810302734375
3083.169189453125
3083.057373046875
3082.857666015625
3083.399658203125
3083.7333984375
3083.842529296875
3083.912841796875
3083.583740234375
3084.16943359375
3084.076904296875
3084.43896484375
3084.821533203125
3084.300537109375
3084.74267578125
3084.835205078125
3085.348388671875
3085.81005859375
3086.25732421875
3086.579833984375
3086.85595703125
3087.152587890625
3087.560302734375
3087.462646484375
3087.757080078125
3088.230224609375
3088.236572265625
3088.696044921875
3089.21630859375
3089.3642578125
3090.101806640625
3090.33056640625
3090.370849609375
3090.917724609375
3091.13623046875
3091.649658203125
3092.073974609375
3092.30517578125
3092.636474609375
3093.20947265625
3093.010498046875
3093.666748046875
3094.072265625
3094.45849609375
3095.1650390625
3095.45849609375
3096.00048828125
3096.42138671875
3096.818359375
3096.901123046875
3097.1328125
3097.4033203125
3097.498046875
3097.861572265625
3097.666259765625
3098.4248046875
3098.38623046875
3099.054443359375
3099.392822265625
3099.699951171875
3100.263671875
3100.842041015625
3101.12890625
3101.62890625
3101.447021484375
3101.97119140625
3102.2021484375
3102.650634765625
3103.1103515625
3103.53369140625
3104.08544921875
3104.60693359375
3104.800048828125
3105.2978515625
3105.748046875
3106.127197265625
3106.529052734375
3107.21044921875
3107.55517578125
3107.5849609375
3107.530517578125
3107.343017578125
3107.65771484375
3108.107421875
3108.526123046875
3109.0244140625
3109.35205078125
3109.6376953125
3108.84912109375
3109.61474609375
3109.22216796875
3109.5205078125
3109.935546875
3110.0986328125
3110.90380859375
3110.54248046875
3109.970703125
3110.63916015625
3111.197509765625
3111.5478515625
3111.7451171875
3112.488037109375
3113.197265625
3112.408447265625
3112.908203125
3113.833251953125
3113.846435546875
3113.843017578125
3113.956787109375
3114.694580078125
3115.185791015625
3115.23828125
3115.71337890625
3116.217041015625
3116.707763671875
3117.20654296875
3117.481689453125
3117.797607421875
3118.324951171875
3118.69873046875
3118.44091796875
3118.814208984375
3119.0859375
3119.18310546875
3119.58740234375
3119.54345703125
3120.326171875
3120.892333984375
3121.343994140625
3121.982177734375
3122.14892578125
3122.15380859375
3122.96875
3123.4677734375
3124.06787109375
3124.53125
3124.958251953125
3125.37939453125
3125.781005859375
3125.953125
3126.771484375
3127.08544921875
3127.623046875
3127.97412109375
3128.0087890625
3128.3955078125
3128.48779296875
3129.269775390625
3129.38720703125
3130.208740234375
3129.901611328125
3130.15380859375
3129.880126953125
3129.09130859375
3129.400146484375
3129.3623046875
3129.22119140625
3129.61669921875
3130.116455078125
3130.81005859375
3131.115234375
3131.126953125
3131.93603515625
3132.58447265625
3132.614501953125
3132.6171875
3133.08984375
3133.19970703125
3134.005615234375
3134.344970703125
3134.442138671875
3134.70361328125
3134.978515625
3135.31982421875
3135.66357421875
3136.22265625
3135.788818359375
3136.331298828125
3136.60302734375
3136.946044921875
3137.575439453125
3138.087646484375
3138.23291015625
3138.536376953125
3138.893310546875
3138.851318359375
3138.7392578125
3139.021484375
3139.48876953125
3139.87890625
3140.53564453125
3140.23681640625
3140.561279296875
3140.49267578125
3140.370361328125
3140.57861328125
3140.900146484375
3140.94091796875
3141.046630859375
3141.546630859375
3142.193359375
3142.68994140625
3141.921875
3141.950927734375
3141.876953125
3142.7841796875
3142.85546875
3142.9794921875
3143.50244140625
3143.384033203125
3143.764892578125
3144.146728515625
3144.61328125
3145.067138671875
3145.13427734375
3145.53515625
3146.160888671875
3146.363037109375
3146.67822265625
3147.634765625
3147.935302734375
3148.27099609375
3148.5009765625
3148.2919921875
3148.196533203125
3148.48388671875
3148.494384765625
3148.21044921875
3148.006591796875
3148.82177734375
3148.9453125
3148.99560546875
3149.65185546875
3149.38134765625
3149.881103515625
3150.53759765625
3150.51806640625
3151.1767578125
3151.06298828125
3150.82373046875
3150.589111328125
3150.06689453125
3150.166748046875
3149.8291015625
3150.75439453125
3150.58251953125
3149.793701171875
3150.396240234375
3151.0654296875
3151.1171875
3151.98486328125
3152.062255859375
3152.10400390625
3152.809814453125
3152.06103515625
3152.04638671875
3152.5439453125
3153.050537109375
3152.722412109375
3152.09228515625
3152.791015625
3153.23876953125
3153.01953125
3153.1806640625
3153.78564453125
3154.38525390625
3154.5771484375
3155.416748046875
3155.69970703125
3155.91259765625
3155.671142578125
3156.326904296875
3156.825439453125
3157.302734375
3157.646240234375
3157.95556640625
3158.61083984375
3159.149658203125
3159.056884765625
3159.49853515625
3159.95849609375
3160.50732421875
3160.654296875
3160.94189453125
3160.931640625
3161.431640625
3161.669677734375
3162.057861328125
3162.35498046875
3162.84814453125
3162.419921875
3162.17626953125
3162.46240234375
3162.956787109375
3163.37841796875
3163.12646484375
3163.493896484375
3163.989990234375
3163.67626953125
3163.9951171875
3164.456298828125
3164.762451171875
3165.140869140625
3165.4658203125
3165.158447265625
3165.46240234375
3165.17919921875
3165.633544921875
3166.17626953125
3166.62255859375
3166.944580078125
3167.49072265625
3167.941162109375
3168.44091796875
3168.838134765625
3169.289306640625
3169.15478515625
3169.573486328125
3169.9228515625
3170.42236328125
3170.982666015625
3171.4638671875
3170.990234375
3171.490234375
3171.859130859375
3171.87353515625
3171.8642578125
3172.36328125
3172.861572265625
3173.34912109375
3173.76513671875
3173.736328125
3173.311279296875
3173.78076171875
3173.3603515625
3173.92041015625
3173.81298828125
3173.97900390625
3173.943359375
3174.380859375
3174.57568359375
3174.229736328125
3174.65673828125
3174.283447265625
3174.611572265625
3175.10986328125
3175.607666015625
3175.8857421875
3175.67041015625
3176.228515625
3176.350341796875
3176.845947265625
3177.305908203125
3177.7890625
3178.28564453125
3178.307373046875
3178.58642578125
3178.18017578125
3178.68017578125
3179.174560546875
3179.66552734375
3179.32861328125
3179.82421875
3180.312255859375
3180.79345703125
3180.7314453125
3181.23095703125
3180.95849609375
3180.71630859375
3180.415283203125
3180.9150390625
3181.41259765625
3181.283447265625
3181.78369140625
3181.52294921875
3181.93505859375
3182.283935546875
3182.3974609375
3182.1552734375
3182.25927734375
3182.7373046875
3182.80810546875
3183.1279296875
3183.110595703125
3183.60986328125
3183.4404296875
3183.83935546875
3184.33935546875