732463.36 5
196262.72 10
85660.36 15
46228.256 20
27842.84 25
19614.206 30
14482.003 35
10500.646 40
8328.831 45
6738.1815 50
5431.8125 55
4566.7895 60
4002.94575 65
3277.528 70
3229.4245 75
2529.29175 80
2247.8215 85
2062.809 90
1846.35875 95
1591.228875 100
1457.595 105
1296.494625 110
1281.213375 115
1213.026625 120
1129.793 125
1017.064125 130
897.1509375 135
881.5636875 140
786.550875 145
684.615875 150
645.195 155
584.7804375 160
602.353 165
539.7758125 170
522.71990625 175
490.0126875 180
482.2621875 185
459.60303125 190
444.89084375 195
412.22696875 200
402.06165625 205
366.2246875 210
370.18315625 215
330.982625 220
328.44521875 225
315.3215 230
304.72275 235
304.05809375 240
267.2956875 245
244.984375 250
234.635359375 255
217.39703125 260
218.513359375 265
215.58053125 270
203.473375 275
195.237703125 280
186.967359375 285
185.21671875 290
172.683734375 295
171.88640625 300
162.166109375 305
160.8508125 310
151.37890625 315
146.22371875 320
142.60771875 325
147.531671875 330
135.632265625 335
130.5473984375 340
128.914890625 345
125.43415625 350
123.01715625 355
114.98228125 360
117.25959375 365
110.2423828125 370
114.1143359375 375
112.6223671875 380
108.50575 385
101.7218203125 390
102.144609375 395
92.5229375 400
101.698515625 405
90.12271875 410
91.867828125 415
93.1031953125 420
87.6861875 425
80.4078359375 430
80.07753125 435
74.3635546875 440
73.98653125 445
74.927484375 450
73.2509921875 455
72.676796875 460
68.0136953125 465
67.86346875 470
69.160109375 475
67.97553125 480
65.42026953125 485
62.6272421875 490
58.53454296875 495
59.4014609375 500
60.6850234375 505
60.9197421875 510
59.63037109375 515
58.3859296875 520
51.537140625 525
53.6383125 530
50.24093359375 535
49.4429296875 540
48.29754296875 545
47.08371875 550
52.1179453125 555
51.585796875 560
50.43391015625 565
44.475734375 570
43.87776953125 575
45.9526015625 580
45.33806640625 585
46.97288671875 590
41.46555078125 595
42.50712890625 600
39.448625 605
38.63694921875 610
40.477125 615
42.127546875 620
38.24796484375 625
37.98345703125 630
35.92759765625 635
36.03590625 640
35.567453125 645
36.7179140625 650
37.5520234375 655
34.26286328125 660
37.278078125 665
34.1264140625 670
32.375408203125 675
31.943974609375 680
31.630416015625 685
32.417125 690
31.14166796875 695
30.926125 700
30.35747265625 705
29.598546875 710
29.605876953125 715
29.3738671875 720
30.630390625 725
28.88667578125 730
28.94128515625 735
28.77202734375 740
25.634638671875 745
24.9530078125 750
25.32191015625 755
25.14000390625 760
25.97541796875 765
27.304638671875 770
26.313267578125 775
25.905548828125 780
26.1096875 785
26.1377265625 790
25.828419921875 795
25.74174609375 800
25.728083984375 805
24.977884765625 810
23.941853515625 815
24.3744765625 820
24.06428125 825
23.894279296875 830
23.9116171875 835
22.006322265625 840
21.614783203125 845
22.353427734375 850
22.6643671875 855
20.556681640625 860
22.17142578125 865
21.93659375 870
20.4008515625 875
22.242376953125 880
22.0084765625 885
21.458357421875 890
21.21878515625 895
20.926419921875 900
20.707314453125 905
20.5999921875 910
20.169357421875 915
18.338337890625 920
19.8159453125 925
19.495646484375 930
19.50091015625 935
19.34316796875 940
17.52451953125 945
18.568603515625 950
18.96795703125 955
18.764029296875 960
19.244919921875 965
18.91925 970
18.22482421875 975
18.04134375 980
17.905125 985
18.102076171875 990
17.6667734375 995
17.559591796875 1000
