732554.24 5
196297.664 10
85682.88 15
46244.052 20
27855.888 25
19622.976 30
14488.412 35
10497.016 40
8329.463 45
6738.747 50
5431.6985 55
4564.91 60
3896.72725 65
3689.38375 70
3069.22825 75
2569.05 80
2264.097 85
2020.812625 90
1738.63125 95
1740.408875 100
1751.246 105
1400.579125 110
1433.1275 115
1123.4555 120
1065.999375 125
1095.69425 130
902.245375 135
844.2125625 140
875.0278125 145
745.2521875 150
644.07 155
638.9845625 160
597.81125 165
564.0488125 170
540.9954375 175
489.30640625 180
475.565125 185
451.811625 190
429.8524375 195
414.36540625 200
370.27090625 205
357.45853125 210
343.0840625 215
347.25959375 220
312.71371875 225
295.3246875 230
297.6895625 235
284.32609375 240
273.1448125 245
259.792109375 250
243.419859375 255
235.28296875 260
239.9673125 265
222.99903125 270
211.226609375 275
198.91940625 280
185.953078125 285
192.6385625 290
189.1201875 295
169.57084375 300
173.0618125 305
168.062703125 310
158.0584375 315
161.1183125 320
146.56053125 325
148.84190625 330
136.41415625 335
133.132265625 340
136.983828125 345
123.8110703125 350
120.5723359375 355
121.5169375 360
109.7642421875 365
112.8381796875 370
112.2921796875 375
111.301953125 380
101.303828125 385
101.889125 390
99.58853125 395
97.9133359375 400
90.568609375 405
101.003953125 410
92.36315625 415
95.8074375 420
83.4143671875 425
87.3503671875 430
80.011375 435
80.825296875 440
79.2918671875 445
74.645875 450
73.8675859375 455
74.74025 460
67.0646171875 465
64.9480078125 470
62.94478125 475
62.0234375 480
64.35083984375 485
61.253 490
61.45364453125 495
59.491 500
59.57603125 505
57.25342578125 510
56.6617578125 515
53.73946484375 520
57.54939453125 525
51.44973828125 530
53.38619921875 535
49.14807421875 540
50.9861015625 545
49.7187265625 550
45.7805859375 555
47.00866796875 560
46.67295703125 565
44.6688359375 570
43.271984375 575
42.51001953125 580
40.68974609375 585
41.1296796875 590
40.677890625 595
39.9438515625 600
40.96055859375 605
41.919859375 610
40.80697265625 615
38.9936953125 620
39.4329296875 625
37.043625 630
38.50778515625 635
37.29097265625 640
35.51872265625 645
34.6858359375 650
33.81458203125 655
33.82034765625 660
33.59555859375 665
33.08079296875 670
32.622373046875 675
32.1753359375 680
31.9569375 685
31.374923828125 690
31.27034765625 695
31.10853125 700
29.83085546875 705
32.26884765625 710
28.447037109375 715
28.119958984375 720
27.3942578125 725
27.456271484375 730
25.923603515625 735
25.584859375 740
26.59837890625 745
25.755908203125 750
25.05470703125 755
26.55160546875 760
26.1658515625 765
25.79925390625 770
25.263537109375 775
26.32034375 780
24.44584375 785
24.625138671875 790
24.284365234375 795
23.29879296875 800
23.26558984375 805
23.632294921875 810
24.64850390625 815
22.22493359375 820
23.600642578125 825
23.3537265625 830
22.19441015625 835
22.36710546875 840
21.12365625 845
20.87671875 850
20.793208984375 855
21.28844921875 860
22.184236328125 865
20.68381640625 870
21.251236328125 875
21.238017578125 880
21.64194140625 885
20.876033203125 890
21.203994140625 895
21.041908203125 900
20.77136328125 905
20.542439453125 910
20.23681640625 915
20.395337890625 920
19.93132421875 925
19.970255859375 930
19.6784765625 935
19.46326953125 940
19.972544921875 945
18.9897734375 950
18.72691796875 955
18.75468359375 960
19.066611328125 965
17.013369140625 970
16.666357421875 975
17.846109375 980
18.03204296875 985
17.923517578125 990
17.775611328125 995
17.559591796875 1000
564.0488125 170
540.9954375 175
489.30640625 180
475.565125 185
451.811625 190
429.8524375 195
414.36540625 200
370.27090625 205
357.45853125 210
343.0840625 215
347.25959375 220
312.71371875 225
295.3246875 230
297.6895625 235
284.32609375 240
